
  100.00	  120.00	  120.00	   15.00	   21.60	10170.00	    3.75	   17.00	    6.00	    3.00	   14.00	10170.00	  864.45	  711.90	
  100.00	  120.00	  120.00	    8.00	   11.52	 4920.00	    2.00	   16.00	    6.00	    7.00	   14.00	 4920.00	  492.00	  344.40	
   40.00	   60.00	   30.00	   89.00	    6.41	  623.00	    0.99	   11.00	    7.00	    1.00	   14.00	 2114.64	  169.17	  169.17	
  120.00	  120.00	  270.00	    4.00	   15.55	 3336.00	    2.40	   17.00	    6.00	    4.00	   11.00	 5132.16	  436.23	  359.25	
   80.00	  120.00	  270.00	    6.00	   15.55	 1314.00	    2.40	    4.00	    7.00	    3.00	   12.00	 5132.16	  307.93	   51.32	
   40.00	   60.00	   20.00	  146.00	    7.01	 1022.00	    1.12	   16.00	    6.00	    5.00	   12.00	 2312.64	  231.26	  161.88	
   40.00	   60.00	   30.00	  631.00	   45.43	 3155.00	    7.01	   16.00	    6.00	    2.00	   14.00	14992.56	 1499.26	 1049.48	
   40.00	   60.00	   20.00	   62.00	    2.98	  434.00	    0.48	   21.00	    8.00	    6.00	   14.00	  982.08	  196.42	  216.06	
   40.00	   60.00	   20.00	   44.00	    2.11	  308.00	    0.34	   11.00	    7.00	    6.00	   14.00	  696.96	   55.76	   55.76	
   80.00	  120.00	  270.00	   12.00	   31.10	 9060.00	    4.80	   11.00	    7.00	    7.00	   14.00	10264.32	  821.15	  821.15	
   40.00	   60.00	   30.00	  186.00	   13.39	  930.00	    2.07	   21.00	    8.00	    3.00	   12.00	 4419.36	  883.87	  972.26	
   40.00	   60.00	   30.00	   31.00	    2.23	  248.00	    0.34	    3.00	    8.00	    5.00	   14.00	  736.56	   73.66	   77.34	
   40.00	   60.00	   40.00	  241.00	   23.14	 1446.00	    4.02	   17.00	    6.00	    1.00	   13.00	 7634.88	  648.96	  534.44	
   40.00	   60.00	   40.00	  122.00	   11.71	  854.00	    2.03	    8.00	    7.00	    6.00	   14.00	 3864.96	  309.20	  309.20	
   40.00	   60.00	   40.00	  156.00	   14.98	  936.00	    2.60	   21.00	    8.00	    2.00	   13.00	 4942.08	  988.42	 1087.26	
   80.00	  120.00	  270.00	   12.00	   31.10	 5052.00	    4.80	    3.00	    8.00	    3.00	   13.00	10264.32	 1026.43	 1077.75	
  100.00	  120.00	  120.00	   12.00	   17.28	 3228.00	    3.00	    4.00	    7.00	    6.00	   13.00	 5702.40	  342.14	   57.02	
   40.00	   60.00	   30.00	  117.00	    8.42	  702.00	    1.30	   11.00	    7.00	    2.00	    9.00	 2779.92	  222.39	  222.39	
   80.00	  120.00	  270.00	   16.00	   41.47	 6384.00	    6.40	   17.00	    6.00	    3.00	   10.00	13685.76	 1163.29	  958.00	
   40.00	   60.00	   30.00	  601.00	   43.27	 3606.00	    6.68	   11.00	    7.00	    4.00	   12.00	14279.76	 1142.38	 1142.38	
   40.00	   60.00	   40.00	  186.00	   17.86	 1488.00	    3.10	    4.00	    7.00	    1.00	   13.00	 5892.48	  353.55	   58.92	
   40.00	   60.00	   30.00	  197.00	   14.18	  788.00	    2.19	    4.00	    7.00	    6.00	   13.00	 4680.72	  280.84	   46.81	
   40.00	   60.00	   50.00	  628.00	   75.36	 5024.00	   12.56	   11.00	    7.00	    5.00	   13.00	24868.80	 1989.50	 1989.50	
   80.00	  120.00	  270.00	    3.00	    7.78	 1458.00	    1.20	    3.00	    8.00	    2.00	   14.00	 2566.08	  256.61	  269.44	
   40.00	   60.00	   40.00	   81.00	    7.78	  486.00	    1.35	   12.00	    7.00	    2.00	   10.00	 2566.08	  205.29	  205.29	
  100.00	  120.00	  120.00	   10.00	   14.40	 4820.00	    2.50	   17.00	    6.00	    1.00	    8.00	 4820.00	  409.70	  337.40	
   40.00	   60.00	   30.00	  491.00	   35.35	 2946.00	    5.46	    4.00	    7.00	    1.00	   13.00	11666.16	  699.97	  116.66	
  120.00	  120.00	  270.00	    8.00	   31.10	 7832.00	    4.80	   16.00	    6.00	    1.00	   12.00	10264.32	 1026.43	  718.50	
   80.00	  120.00	  120.00	   15.00	   17.28	 3660.00	    3.00	    8.00	    7.00	    7.00	   14.00	 5702.40	  456.19	  456.19	
   40.00	   60.00	   50.00	   11.00	    1.32	   44.00	    0.22	   21.00	    8.00	    2.00	   13.00	  435.60	   87.12	   95.83	
   40.00	   60.00	   20.00	  469.00	   22.51	 3283.00	    3.61	    3.00	    8.00	    2.00	   13.00	 7428.96	  742.90	  780.04	
   40.00	   60.00	   50.00	   98.00	   11.76	  392.00	    1.96	   15.00	    6.00	    5.00	   14.00	 3880.80	  349.27	  155.23	
  120.00	  120.00	  270.00	    5.00	   19.44	 3450.00	    3.00	   21.00	    8.00	    3.00	   12.00	 6415.20	 1283.04	 1411.34	
   40.00	   60.00	   20.00	  169.00	    8.11	  845.00	    1.30	   17.00	    6.00	    1.00	   11.00	 2676.96	  227.54	  187.39	
   40.00	   60.00	   50.00	  288.00	   34.56	 2016.00	    5.76	   15.00	    6.00	    6.00	   13.00	11404.80	 1026.43	  456.19	
  120.00	  120.00	  270.00	   17.00	   66.10	 3689.00	   10.20	   13.00	    7.00	    7.00	   14.00	21811.68	 1744.93	 1744.93	
   40.00	   60.00	   40.00	  614.00	   58.94	 3070.00	   10.23	   21.00	    8.00	    1.00	    9.00	19451.52	 3890.30	 4279.33	
   40.00	   60.00	   30.00	  237.00	   17.06	 1896.00	    2.63	    4.00	    7.00	    4.00	   14.00	 5631.12	  337.87	   56.31	
   80.00	  120.00	  120.00	   14.00	   16.13	 5796.00	    2.80	   11.00	    7.00	    5.00	   13.00	 5796.00	  463.68	  463.68	
   40.00	   60.00	   20.00	  401.00	   19.25	 2807.00	    3.08	   15.00	    6.00	    3.00	   13.00	 6351.84	  571.67	  254.07	
   40.00	   60.00	   20.00	  399.00	   19.15	 2793.00	    3.07	   17.00	    6.00	    5.00	   11.00	 6320.16	  537.21	  442.41	
   40.00	   60.00	   30.00	  399.00	   28.73	 2793.00	    4.43	   21.00	    8.00	    3.00	   12.00	 9480.24	 1896.05	 2085.65	
   80.00	  120.00	  120.00	    5.00	    5.76	 1520.00	    1.00	    3.00	    8.00	    3.00	   11.00	 1900.80	  190.08	  199.58	
   40.00	   60.00	   20.00	  558.00	   26.78	 4464.00	    4.29	   16.00	    6.00	    2.00	   13.00	 8838.72	  883.87	  618.71	
  100.00	  120.00	  120.00	    8.00	   11.52	 3720.00	    2.00	   12.00	    7.00	    4.00	   12.00	 3801.60	  304.13	  304.13	
  120.00	  120.00	  270.00	    3.00	   11.66	 2097.00	    1.80	    8.00	    7.00	    7.00	   14.00	 3849.12	  307.93	  307.93	
  120.00	  120.00	  270.00	    5.00	   19.44	 1585.00	    3.00	   11.00	    7.00	    3.00	   13.00	 6415.20	  513.22	  513.22	
  120.00	  120.00	  270.00	   13.00	   50.54	 7501.00	    7.80	   15.00	    6.00	    8.00	   14.00	16679.52	 1501.16	  667.18	
   80.00	  120.00	  120.00	   11.00	   12.67	 9713.00	    2.20	    3.00	    8.00	    2.00	   13.00	 9713.00	  971.30	 1019.86	
   40.00	   60.00	   30.00	  184.00	   13.25	  920.00	    2.04	    4.00	    7.00	    5.00	   13.00	 4371.84	  262.31	   43.72	
   40.00	   60.00	   30.00	  374.00	   26.93	 2992.00	    4.16	   15.00	    6.00	    3.00	   11.00	 8886.24	  799.76	  355.45	
   40.00	   60.00	   20.00	  592.00	   28.42	 4736.00	    4.55	   19.00	    5.00	    5.00	   11.00	 9377.28	  890.84	  703.30	
   80.00	  120.00	  270.00	   16.00	   41.47	14240.00	    6.40	    3.00	    8.00	    2.00	   13.00	14240.00	 1424.00	 1495.20	
   40.00	   60.00	   20.00	  339.00	   16.27	 2712.00	    2.61	   11.00	    7.00	    6.00	   13.00	 5369.76	  429.58	  429.58	
  100.00	  120.00	  120.00	    4.00	    5.76	 1644.00	    1.00	   17.00	    6.00	    6.00	   13.00	 1900.80	  161.57	  133.06	
   40.00	   60.00	   50.00	   99.00	   11.88	  396.00	    1.98	   12.00	    7.00	    1.00	   13.00	 3920.40	  313.63	  313.63	
   40.00	   60.00	   50.00	  192.00	   23.04	 1152.00	    3.84	    4.00	    7.00	    7.00	   14.00	 7603.20	  456.19	   76.03	
   40.00	   60.00	   30.00	  422.00	   30.38	 2954.00	    4.69	   11.00	    7.00	    2.00	   10.00	10026.72	  802.14	  802.14	
   40.00	   60.00	   50.00	  541.00	   64.92	 3787.00	   10.82	   12.00	    7.00	    6.00	   13.00	21423.60	 1713.89	 1713.89	
  120.00	  120.00	  270.00	   15.00	   58.32	 3960.00	    9.00	   16.00	    6.00	    6.00	   12.00	19245.60	 1924.56	 1347.19	
  100.00	  120.00	  120.00	   14.00	   20.16	 6006.00	    3.50	   12.00	    7.00	    4.00	   12.00	 6652.80	  532.22	  532.22	
   40.00	   60.00	   40.00	  571.00	   54.82	 3426.00	    9.52	   21.00	    8.00	    3.00	   13.00	18089.28	 3617.86	 3979.64	
   80.00	  120.00	  120.00	    3.00	    3.46	  627.00	    0.60	   15.00	    6.00	    1.00	   11.00	 1140.48	  102.64	   45.62	
   80.00	  120.00	  270.00	    9.00	   23.33	 4446.00	    3.60	   17.00	    6.00	    6.00	   12.00	 7698.24	  654.35	  538.88	
  120.00	  120.00	  270.00	    9.00	   34.99	 1962.00	    5.40	   15.00	    6.00	    4.00	   12.00	11547.36	 1039.26	  461.89	
   40.00	   60.00	   20.00	   50.00	    2.40	  300.00	    0.38	    8.00	    7.00	    7.00	   14.00	  792.00	   63.36	   63.36	
   40.00	   60.00	   50.00	  286.00	   34.32	 1144.00	    5.72	   17.00	    6.00	    3.00	   11.00	11325.60	  962.68	  792.79	
  100.00	  120.00	  120.00	    1.00	    1.44	  743.00	    0.25	   15.00	    6.00	    4.00	   11.00	  743.00	   66.87	   29.72	
   40.00	   60.00	   50.00	  578.00	   69.36	 2890.00	   11.56	    3.00	    8.00	    4.00	   12.00	22888.80	 2288.88	 2403.32	
   40.00	   60.00	   50.00	  613.00	   73.56	 4291.00	   12.26	   16.00	    6.00	    2.00	    9.00	24274.80	 2427.48	 1699.24	
   80.00	  120.00	  120.00	    6.00	    6.91	 5226.00	    1.20	   13.00	    7.00	    2.00	   13.00	 5226.00	  418.08	  418.08	
   40.00	   60.00	   40.00	  126.00	   12.10	  630.00	    2.10	   21.00	    8.00	    1.00	   11.00	 3991.68	  798.34	  878.17	
   40.00	   60.00	   30.00	    8.00	    0.58	   40.00	    0.09	   11.00	    7.00	    2.00	    9.00	  190.08	   15.21	   15.21	
   80.00	  120.00	  270.00	    6.00	   15.55	 4674.00	    2.40	   17.00	    6.00	    4.00	   13.00	 5132.16	  436.23	  359.25	
   40.00	   60.00	   50.00	  138.00	   16.56	  828.00	    2.76	    8.00	    7.00	    4.00	   13.00	 5464.80	  437.18	  437.18	
   40.00	   60.00	   20.00	  311.00	   14.93	 1244.00	    2.39	   11.00	    7.00	    2.00	   13.00	 4926.24	  394.10	  394.10	
  100.00	  120.00	  120.00	    4.00	    5.76	  652.00	    1.00	   12.00	    7.00	    3.00	   11.00	 1900.80	  152.06	  152.06	
  100.00	  120.00	  120.00	   11.00	   15.84	 5291.00	    2.75	   21.00	    8.00	    5.00	   13.00	 5291.00	 1058.20	 1164.02	
   40.00	   60.00	   40.00	  387.00	   37.15	 2709.00	    6.45	   21.00	    8.00	    3.00	   12.00	12260.16	 2452.03	 2697.24	
   40.00	   60.00	   30.00	  180.00	   12.96	  900.00	    2.00	   12.00	    7.00	    1.00	    8.00	 4276.80	  342.14	  342.14	
  120.00	  120.00	  270.00	   17.00	   66.10	 6511.00	   10.20	   12.00	    7.00	    3.00	   12.00	21811.68	 1744.93	 1744.93	
  120.00	  120.00	  270.00	    4.00	   15.55	 1336.00	    2.40	   12.00	    7.00	    1.00	   12.00	 5132.16	  410.57	  410.57	
   40.00	   60.00	   40.00	  213.00	   20.45	 1065.00	    3.55	    3.00	    8.00	    2.00	   11.00	 6747.84	  674.78	  708.52	
  100.00	  120.00	  120.00	    8.00	   11.52	 4224.00	    2.00	   11.00	    7.00	    5.00	   14.00	 4224.00	  337.92	  337.92	
   40.00	   60.00	   20.00	  365.00	   17.52	 1460.00	    2.81	   11.00	    7.00	    4.00	   13.00	 5781.60	  462.53	  462.53	
   40.00	   60.00	   40.00	  446.00	   42.82	 3122.00	    7.43	   11.00	    7.00	    1.00	   10.00	14129.28	 1130.34	 1130.34	
   40.00	   60.00	   50.00	  600.00	   72.00	 3000.00	   12.00	   13.00	    7.00	    4.00	   13.00	23760.00	 1900.80	 1900.80	
   40.00	   60.00	   40.00	    4.00	    0.38	   20.00	    0.07	   17.00	    6.00	    2.00	    9.00	  126.72	   10.77	    8.87	
   40.00	   60.00	   20.00	  404.00	   19.39	 2424.00	    3.11	    8.00	    7.00	    6.00	   13.00	 6399.36	  511.95	  511.95	
   40.00	   60.00	   20.00	    6.00	    0.29	   24.00	    0.05	    8.00	    7.00	    3.00	   12.00	   95.04	    7.60	    7.60	
   80.00	  120.00	  270.00	   16.00	   41.47	 3792.00	    6.40	   13.00	    7.00	    1.00	   11.00	13685.76	 1094.86	 1094.86	
   80.00	  120.00	  270.00	   15.00	   38.88	11025.00	    6.00	   17.00	    6.00	    5.00	   13.00	12830.40	 1090.58	  898.13	
  120.00	  120.00	  270.00	   14.00	   54.43	11004.00	    8.40	    3.00	    8.00	    2.00	   12.00	17962.56	 1796.26	 1886.07	
   80.00	  120.00	  120.00	    3.00	    3.46	  693.00	    0.60	   19.00	    5.00	    2.00	   11.00	 1140.48	  108.35	   85.54	
   40.00	   60.00	   50.00	  187.00	   22.44	 1309.00	    3.74	   21.00	    8.00	    3.00	   14.00	 7405.20	 1481.04	 1629.14	
   40.00	   60.00	   20.00	  599.00	   28.75	 2995.00	    4.61	    3.00	    8.00	    4.00	   13.00	 9488.16	  948.82	  996.26	
  100.00	  120.00	  120.00	   15.00	   21.60	 5145.00	    3.75	    8.00	    7.00	    5.00	   14.00	 7128.00	  570.24	  570.24	
   80.00	  120.00	  270.00	    7.00	   18.14	 4760.00	    2.80	   16.00	    6.00	    7.00	   14.00	 5987.52	  598.75	  419.13	
   80.00	  120.00	  120.00	   13.00	   14.98	 8164.00	    2.60	   11.00	    7.00	    5.00	   12.00	 8164.00	  653.12	  653.12	
  100.00	  120.00	  120.00	    2.00	    2.88	  694.00	    0.50	   12.00	    7.00	    1.00	   11.00	  950.40	   76.03	   76.03	

I:100 T:14 J:14 A:10 B:70 D:11 ins:10

