
   40.00	   60.00	   20.00	  170.00	    8.16	 1020.00	    1.31	    7.00	    7.00	    7.00	   14.00	 2692.80	  215.42	  215.42	
   40.00	   60.00	   20.00	  411.00	   19.73	 2055.00	    3.16	    7.00	    7.00	    2.00	    9.00	 6510.24	  520.82	  520.82	
   40.00	   60.00	   50.00	  579.00	   69.48	 4632.00	   11.58	    8.00	    7.00	    7.00	   14.00	22928.40	 1834.27	 1834.27	
   40.00	   60.00	   30.00	  434.00	   31.25	 2170.00	    4.82	   11.00	    7.00	    7.00	   14.00	10311.84	  824.95	  824.95	
   40.00	   60.00	   20.00	   26.00	    1.25	  156.00	    0.20	   12.00	    7.00	    1.00	    8.00	  411.84	   32.95	   32.95	
   40.00	   60.00	   30.00	  171.00	   12.31	 1368.00	    1.90	    1.00	    9.00	    5.00	   14.00	 4062.96	  406.30	  394.11	
   40.00	   60.00	   20.00	  201.00	    9.65	 1005.00	    1.55	    7.00	    7.00	    4.00	   11.00	 3183.84	  254.71	  254.71	
   80.00	  120.00	  120.00	   15.00	   17.28	 6780.00	    3.00	    8.00	    7.00	    1.00	    8.00	 6780.00	  542.40	  542.40	
   40.00	   60.00	   40.00	  637.00	   61.15	 5096.00	   10.62	    7.00	    7.00	    4.00	   11.00	20180.16	 1614.41	 1614.41	
  120.00	  120.00	  270.00	    4.00	   15.55	 3760.00	    2.40	    8.00	    7.00	    3.00	   10.00	 5132.16	  410.57	  410.57	
   40.00	   60.00	   20.00	  553.00	   26.54	 2212.00	    4.25	   20.00	    5.00	    9.00	   14.00	 8759.52	  867.19	  674.48	
   40.00	   60.00	   40.00	    6.00	    0.58	   42.00	    0.10	   15.00	    6.00	    1.00	    7.00	  190.08	   17.11	    7.60	
  120.00	  120.00	  270.00	   17.00	   66.10	14212.00	   10.20	   15.00	    6.00	    8.00	   14.00	21811.68	 1963.05	  872.47	
   40.00	   60.00	   50.00	  110.00	   13.20	  770.00	    2.20	    4.00	    7.00	    1.00	    8.00	 4356.00	  261.36	   43.56	
   40.00	   60.00	   20.00	  237.00	   11.38	  948.00	    1.82	   11.00	    7.00	    6.00	   13.00	 3754.08	  300.33	  300.33	
   80.00	  120.00	  120.00	    7.00	    8.06	 3570.00	    1.40	    5.00	    7.00	    1.00	    8.00	 3570.00	  214.20	  321.30	
   80.00	  120.00	  120.00	   12.00	   13.82	 6672.00	    2.40	    6.00	    7.00	    4.00	   11.00	 6672.00	  600.48	  667.20	
  100.00	  120.00	  120.00	    4.00	    5.76	  796.00	    1.00	    7.00	    7.00	    4.00	   11.00	 1900.80	  152.06	  152.06	
   80.00	  120.00	  120.00	    8.00	    9.22	 1680.00	    1.60	   11.00	    7.00	    2.00	    9.00	 3041.28	  243.30	  243.30	
   40.00	   60.00	   30.00	  446.00	   32.11	 2676.00	    4.96	   12.00	    7.00	    2.00	    9.00	10596.96	  847.76	  847.76	
  100.00	  120.00	  120.00	   15.00	   21.60	 5685.00	    3.75	    7.00	    7.00	    1.00	    8.00	 7128.00	  570.24	  570.24	
   80.00	  120.00	  120.00	    7.00	    8.06	 6111.00	    1.40	   20.00	    5.00	    7.00	   12.00	 6111.00	  604.99	  470.55	
   40.00	   60.00	   50.00	  405.00	   48.60	 2835.00	    8.10	    7.00	    7.00	    1.00	    8.00	16038.00	 1283.04	 1283.04	
   40.00	   60.00	   20.00	  308.00	   14.78	 1848.00	    2.37	   15.00	    6.00	    2.00	    8.00	 4878.72	  439.08	  195.15	
  100.00	  120.00	  120.00	   16.00	   23.04	 5776.00	    4.00	   15.00	    6.00	    4.00	   10.00	 7603.20	  684.29	  304.13	
   80.00	  120.00	  270.00	   15.00	   38.88	 7425.00	    6.00	    8.00	    7.00	    5.00	   12.00	12830.40	 1026.43	 1026.43	
   80.00	  120.00	  120.00	    6.00	    6.91	 5298.00	    1.20	    7.00	    7.00	    3.00	   10.00	 5298.00	  423.84	  423.84	
   80.00	  120.00	  120.00	    2.00	    2.30	  452.00	    0.40	    6.00	    7.00	    4.00	   11.00	  760.32	   68.43	   76.03	
   40.00	   60.00	   20.00	  140.00	    6.72	  980.00	    1.08	    4.00	    7.00	    4.00	   11.00	 2217.60	  133.06	   22.18	
   80.00	  120.00	  120.00	    9.00	   10.37	 1710.00	    1.80	   20.00	    5.00	    7.00	   12.00	 3421.44	  338.72	  263.45	
   40.00	   60.00	   20.00	   94.00	    4.51	  658.00	    0.72	    5.00	    7.00	    3.00	   10.00	 1488.96	   89.34	  134.01	
   80.00	  120.00	  120.00	    9.00	   10.37	 2088.00	    1.80	   12.00	    7.00	    3.00	   10.00	 3421.44	  273.72	  273.72	
  120.00	  120.00	  270.00	    9.00	   34.99	 6741.00	    5.40	   20.00	    5.00	    2.00	    7.00	11547.36	 1143.19	  889.15	
   40.00	   60.00	   40.00	  480.00	   46.08	 2400.00	    8.00	    7.00	    7.00	    4.00	   11.00	15206.40	 1216.51	 1216.51	
   40.00	   60.00	   20.00	  372.00	   17.86	 1488.00	    2.86	    6.00	    7.00	    5.00	   12.00	 5892.48	  530.32	  589.25	
  100.00	  120.00	  120.00	    5.00	    7.20	 1390.00	    1.25	    8.00	    7.00	    7.00	   14.00	 2376.00	  190.08	  190.08	
   80.00	  120.00	  270.00	   12.00	   31.10	 8736.00	    4.80	    5.00	    7.00	    5.00	   12.00	10264.32	  615.86	  923.79	
   40.00	   60.00	   20.00	  130.00	    6.24	  650.00	    1.00	    6.00	    7.00	    4.00	   11.00	 2059.20	  185.33	  205.92	
  100.00	  120.00	  120.00	    9.00	   12.96	 2340.00	    2.25	   20.00	    5.00	    9.00	   14.00	 4276.80	  423.40	  329.31	
  120.00	  120.00	  270.00	   16.00	   62.21	 8080.00	    9.60	    6.00	    7.00	    4.00	   11.00	20528.64	 1847.58	 2052.86	
   40.00	   60.00	   40.00	   48.00	    4.61	  336.00	    0.80	   11.00	    7.00	    4.00	   11.00	 1520.64	  121.65	  121.65	
   40.00	   60.00	   30.00	  647.00	   46.58	 2588.00	    7.19	    8.00	    7.00	    2.00	    9.00	15372.72	 1229.82	 1229.82	
   40.00	   60.00	   20.00	  312.00	   14.98	 2184.00	    2.40	    6.00	    7.00	    3.00	   10.00	 4942.08	  444.79	  494.21	
   40.00	   60.00	   20.00	  476.00	   22.85	 2380.00	    3.66	   15.00	    6.00	    4.00	   10.00	 7539.84	  678.59	  301.59	
  100.00	  120.00	  120.00	   16.00	   23.04	 6656.00	    4.00	    1.00	    9.00	    2.00	   11.00	 7603.20	  760.32	  737.51	
  100.00	  120.00	  120.00	    1.00	    1.44	  253.00	    0.25	    5.00	    7.00	    1.00	    8.00	  475.20	   28.51	   42.77	
   40.00	   60.00	   40.00	   45.00	    4.32	  315.00	    0.75	    8.00	    7.00	    2.00	    9.00	 1425.60	  114.05	  114.05	
  120.00	  120.00	  270.00	    4.00	   15.55	 3268.00	    2.40	   12.00	    7.00	    5.00	   12.00	 5132.16	  410.57	  410.57	
  100.00	  120.00	  120.00	   12.00	   17.28	 3672.00	    3.00	   15.00	    6.00	    6.00	   12.00	 5702.40	  513.22	  228.10	
   80.00	  120.00	  270.00	   11.00	   28.51	 8074.00	    4.40	    8.00	    7.00	    4.00	   11.00	 9408.96	  752.72	  752.72	
   80.00	  120.00	  270.00	   14.00	   36.29	11984.00	    5.60	    7.00	    7.00	    7.00	   14.00	11984.00	  958.72	  958.72	
   80.00	  120.00	  270.00	   11.00	   28.51	 3652.00	    4.40	    1.00	    9.00	    5.00	   14.00	 9408.96	  940.90	  912.67	
   80.00	  120.00	  120.00	    3.00	    3.46	 2670.00	    0.60	    5.00	    7.00	    1.00	    8.00	 2670.00	  160.20	  240.30	
  100.00	  120.00	  120.00	   13.00	   18.72	12168.00	    3.25	   21.00	    8.00	    3.00	   11.00	12168.00	 2433.60	 2676.96	
   80.00	  120.00	  270.00	   13.00	   33.70	 8138.00	    5.20	    8.00	    7.00	    6.00	   13.00	11119.68	  889.57	  889.57	
   40.00	   60.00	   40.00	  437.00	   41.95	 3059.00	    7.28	   12.00	    7.00	    5.00	   12.00	13844.16	 1107.53	 1107.53	
   40.00	   60.00	   30.00	  240.00	   17.28	 1200.00	    2.67	   12.00	    7.00	    6.00	   13.00	 5702.40	  456.19	  456.19	
   40.00	   60.00	   50.00	   42.00	    5.04	  252.00	    0.84	   11.00	    7.00	    2.00	    9.00	 1663.20	  133.06	  133.06	
   40.00	   60.00	   50.00	  560.00	   67.20	 3920.00	   11.20	    7.00	    7.00	    6.00	   13.00	22176.00	 1774.08	 1774.08	
   40.00	   60.00	   20.00	  298.00	   14.30	 1490.00	    2.29	   20.00	    5.00	    8.00	   13.00	 4720.32	  467.31	  363.46	
   80.00	  120.00	  120.00	    3.00	    3.46	 1617.00	    0.60	   20.00	    5.00	    7.00	   12.00	 1617.00	  160.08	  124.51	
   80.00	  120.00	  270.00	    3.00	    7.78	 2250.00	    1.20	    8.00	    7.00	    5.00	   12.00	 2566.08	  205.29	  205.29	
  100.00	  120.00	  120.00	    9.00	   12.96	 7884.00	    2.25	    6.00	    7.00	    7.00	   14.00	 7884.00	  709.56	  788.40	
   40.00	   60.00	   30.00	  179.00	   12.89	 1074.00	    1.99	    7.00	    7.00	    2.00	    9.00	 4253.04	  340.24	  340.24	
   80.00	  120.00	  270.00	    9.00	   23.33	 7488.00	    3.60	   12.00	    7.00	    6.00	   13.00	 7698.24	  615.86	  615.86	
   40.00	   60.00	   20.00	  202.00	    9.70	 1212.00	    1.55	   12.00	    7.00	    2.00	    9.00	 3199.68	  255.97	  255.97	
   80.00	  120.00	  120.00	   11.00	   12.67	 3410.00	    2.20	   21.00	    8.00	    2.00	   10.00	 4181.76	  836.35	  919.99	
   40.00	   60.00	   40.00	   16.00	    1.54	  112.00	    0.27	    4.00	    7.00	    4.00	   11.00	  506.88	   30.41	    5.07	
   40.00	   60.00	   30.00	  549.00	   39.53	 3843.00	    6.10	    6.00	    7.00	    5.00	   12.00	13044.24	 1173.98	 1304.42	
   40.00	   60.00	   20.00	  139.00	    6.67	  834.00	    1.07	    6.00	    7.00	    1.00	    8.00	 2201.76	  198.16	  220.18	
   40.00	   60.00	   30.00	   47.00	    3.38	  329.00	    0.52	    5.00	    7.00	    5.00	   12.00	 1116.72	   67.00	  100.50	
   80.00	  120.00	  120.00	    8.00	    9.22	 1736.00	    1.60	    7.00	    7.00	    4.00	   11.00	 3041.28	  243.30	  243.30	
   80.00	  120.00	  120.00	    6.00	    6.91	 4128.00	    1.20	   21.00	    8.00	    1.00	    9.00	 4128.00	  825.60	  908.16	
   80.00	  120.00	  120.00	    9.00	   10.37	 7263.00	    1.80	   12.00	    7.00	    2.00	    9.00	 7263.00	  581.04	  581.04	
   40.00	   60.00	   20.00	  638.00	   30.62	 5104.00	    4.91	   12.00	    7.00	    2.00	    9.00	10105.92	  808.47	  808.47	
  120.00	  120.00	  270.00	    2.00	    7.78	  986.00	    1.20	   12.00	    7.00	    5.00	   12.00	 2566.08	  205.29	  205.29	
  120.00	  120.00	  270.00	    6.00	   23.33	 2988.00	    3.60	    7.00	    7.00	    2.00	    9.00	 7698.24	  615.86	  615.86	
   80.00	  120.00	  120.00	   14.00	   16.13	12684.00	    2.80	    8.00	    7.00	    4.00	   11.00	12684.00	 1014.72	 1014.72	
   40.00	   60.00	   20.00	  361.00	   17.33	 2527.00	    2.78	   11.00	    7.00	    5.00	   12.00	 5718.24	  457.46	  457.46	
  100.00	  120.00	  120.00	    5.00	    7.20	 3845.00	    1.25	   11.00	    7.00	    5.00	   12.00	 3845.00	  307.60	  307.60	
   40.00	   60.00	   40.00	  564.00	   54.14	 3948.00	    9.40	    7.00	    7.00	    6.00	   13.00	17867.52	 1429.40	 1429.40	
  120.00	  120.00	  270.00	    1.00	    3.89	  564.00	    0.60	    6.00	    7.00	    2.00	    9.00	 1283.04	  115.47	  128.30	
   80.00	  120.00	  120.00	    3.00	    3.46	 2214.00	    0.60	    8.00	    7.00	    3.00	   10.00	 2214.00	  177.12	  177.12	
  100.00	  120.00	  120.00	   11.00	   15.84	 8228.00	    2.75	    7.00	    7.00	    5.00	   12.00	 8228.00	  658.24	  658.24	
   40.00	   60.00	   30.00	  637.00	   45.86	 3822.00	    7.08	    5.00	    7.00	    3.00	   10.00	15135.12	  908.11	 1362.16	
   40.00	   60.00	   40.00	  251.00	   24.10	 1757.00	    4.18	    5.00	    7.00	    5.00	   12.00	 7951.68	  477.10	  715.65	
   40.00	   60.00	   50.00	  232.00	   27.84	 1160.00	    4.64	    4.00	    7.00	    6.00	   13.00	 9187.20	  551.23	   91.87	
   40.00	   60.00	   50.00	  579.00	   69.48	 2895.00	   11.58	    7.00	    7.00	    2.00	    9.00	22928.40	 1834.27	 1834.27	
   40.00	   60.00	   20.00	  307.00	   14.74	 1535.00	    2.36	    1.00	    9.00	    2.00	   11.00	 4862.88	  486.29	  471.70	
  100.00	  120.00	  120.00	   16.00	   23.04	13856.00	    4.00	    1.00	    9.00	    4.00	   13.00	13856.00	 1385.60	 1344.03	
   80.00	  120.00	  120.00	    4.00	    4.61	  884.00	    0.80	    8.00	    7.00	    2.00	    9.00	 1520.64	  121.65	  121.65	
   40.00	   60.00	   50.00	  455.00	   54.60	 3640.00	    9.10	    7.00	    7.00	    2.00	    9.00	18018.00	 1441.44	 1441.44	
   40.00	   60.00	   30.00	  198.00	   14.26	  990.00	    2.20	    7.00	    7.00	    7.00	   14.00	 4704.48	  376.36	  376.36	
   40.00	   60.00	   20.00	  509.00	   24.43	 4072.00	    3.92	    7.00	    7.00	    7.00	   14.00	 8062.56	  645.00	  645.00	
   40.00	   60.00	   20.00	   99.00	    4.75	  495.00	    0.76	    8.00	    7.00	    1.00	    8.00	 1568.16	  125.45	  125.45	
   40.00	   60.00	   20.00	  510.00	   24.48	 2040.00	    3.92	   12.00	    7.00	    6.00	   13.00	 8078.40	  646.27	  646.27	
   40.00	   60.00	   40.00	  402.00	   38.59	 2412.00	    6.70	    5.00	    7.00	    5.00	   12.00	12735.36	  764.12	 1146.18	
   40.00	   60.00	   20.00	  645.00	   30.96	 2580.00	    4.96	    5.00	    7.00	    4.00	   11.00	10216.80	  613.01	  919.51	
   40.00	   60.00	   30.00	  120.00	    8.64	  600.00	    1.33	   15.00	    6.00	    3.00	    9.00	 2851.20	  256.61	  114.05	
   40.00	   60.00	   30.00	  233.00	   16.78	 1165.00	    2.59	    8.00	    7.00	    3.00	   10.00	 5536.08	  442.89	  442.89	

I:100 T:14 J:14 A:10 B:10 D:11 ins:5

