   40.00	   60.00	   30.00	   70.00	    5.04	  490.00	    0.78	    7.00	    7.00	    6.00	   14.00	 1663.20	  133.06	  133.06	
  120.00	  120.00	  270.00	    6.00	   23.33	 3474.00	    3.60	   15.00	    6.00	    5.00	   12.00	 7698.24	  692.84	  307.93	
   40.00	   60.00	   50.00	  189.00	   22.68	 1323.00	    3.78	   20.00	    5.00	    5.00	   13.00	 7484.40	  740.96	  576.30	
   40.00	   60.00	   30.00	   82.00	    5.90	  328.00	    0.91	   13.00	    7.00	    1.00	    8.00	 1948.32	  155.87	  155.87	
   40.00	   60.00	   30.00	  302.00	   21.74	 2114.00	    3.36	   13.00	    7.00	    3.00	   11.00	 7175.52	  574.04	  574.04	
   40.00	   60.00	   20.00	   82.00	    3.94	  410.00	    0.63	    8.00	    7.00	    3.00	   12.00	 1298.88	  103.91	  103.91	
   40.00	   60.00	   20.00	   54.00	    2.59	  270.00	    0.42	   13.00	    7.00	    2.00	   12.00	  855.36	   68.43	   68.43	
   40.00	   60.00	   20.00	  496.00	   23.81	 2976.00	    3.82	   12.00	    7.00	    6.00	   14.00	 7856.64	  628.53	  628.53	
   40.00	   60.00	   30.00	  488.00	   35.14	 2928.00	    5.42	   14.00	    6.00	    5.00	   13.00	11594.88	 1043.54	  695.69	
   80.00	  120.00	  270.00	   13.00	   33.70	 2964.00	    5.20	   15.00	    6.00	    4.00	   14.00	11119.68	 1000.77	  444.79	
  100.00	  120.00	  120.00	    6.00	    8.64	 4170.00	    1.50	    5.00	    7.00	    5.00	   13.00	 4170.00	  250.20	  375.30	
   40.00	   60.00	   20.00	   21.00	    1.01	  168.00	    0.16	   20.00	    5.00	    4.00	   12.00	  332.64	   32.93	   25.61	
   40.00	   60.00	   50.00	   35.00	    4.20	  280.00	    0.70	    5.00	    7.00	    6.00	   13.00	 1386.00	   83.16	  124.74	
   40.00	   60.00	   50.00	  127.00	   15.24	  762.00	    2.54	    9.00	    7.00	    5.00	   12.00	 5029.20	  402.34	  402.34	
   40.00	   60.00	   40.00	   97.00	    9.31	  485.00	    1.62	   19.00	    5.00	    7.00	   14.00	 3072.96	  291.93	  230.47	
   40.00	   60.00	   20.00	  174.00	    8.35	  870.00	    1.34	   16.00	    6.00	    6.00	   12.00	 2756.16	  275.62	  192.93	
   80.00	  120.00	  120.00	    4.00	    4.61	 2204.00	    0.80	   10.00	    7.00	    5.00	   14.00	 2204.00	  176.32	  176.32	
   40.00	   60.00	   30.00	  238.00	   17.14	 1428.00	    2.64	   15.00	    6.00	    2.00	   13.00	 5654.88	  508.94	  226.20	
   40.00	   60.00	   40.00	  421.00	   40.42	 1684.00	    7.02	    4.00	    7.00	    6.00	   13.00	13337.28	  800.24	  133.37	
   80.00	  120.00	  120.00	    7.00	    8.06	 2366.00	    1.40	    2.00	    8.00	    1.00	   11.00	 2661.12	  266.11	  319.33	
   40.00	   60.00	   50.00	  535.00	   64.20	 3745.00	   10.70	    8.00	    7.00	    4.00	   14.00	21186.00	 1694.88	 1694.88	
   40.00	   60.00	   30.00	  312.00	   22.46	 2184.00	    3.47	   16.00	    6.00	    4.00	   12.00	 7413.12	  741.31	  518.92	
   80.00	  120.00	  270.00	   14.00	   36.29	 5964.00	    5.60	    9.00	    7.00	    1.00	    9.00	11975.04	  958.00	  958.00	
  100.00	  120.00	  120.00	   17.00	   24.48	15946.00	    4.25	   14.00	    6.00	    6.00	   14.00	15946.00	 1435.14	  956.76	
   40.00	   60.00	   30.00	  573.00	   41.26	 2865.00	    6.37	   14.00	    6.00	    3.00	   10.00	13614.48	 1225.30	  816.87	
   40.00	   60.00	   40.00	  152.00	   14.59	 1216.00	    2.53	   14.00	    6.00	    6.00	   12.00	 4815.36	  433.38	  288.92	
   40.00	   60.00	   30.00	  123.00	    8.86	  861.00	    1.37	    7.00	    7.00	    5.00	   13.00	 2922.48	  233.80	  233.80	
  120.00	  120.00	  270.00	    4.00	   15.55	 3292.00	    2.40	    1.00	    9.00	    2.00	   11.00	 5132.16	  513.22	  497.82	
  120.00	  120.00	  270.00	    5.00	   19.44	 4765.00	    3.00	    1.00	    9.00	    1.00	   10.00	 6415.20	  641.52	  622.27	
   40.00	   60.00	   50.00	  232.00	   27.84	 1392.00	    4.64	   13.00	    7.00	    6.00	   13.00	 9187.20	  734.98	  734.98	
   40.00	   60.00	   20.00	  290.00	   13.92	 2030.00	    2.23	    9.00	    7.00	    3.00	   10.00	 4593.60	  367.49	  367.49	
  120.00	  120.00	  270.00	    5.00	   19.44	 2125.00	    3.00	    1.00	    9.00	    3.00	   13.00	 6415.20	  641.52	  622.27	
   40.00	   60.00	   20.00	  488.00	   23.42	 2440.00	    3.75	   18.00	    6.00	    2.00	    9.00	 7729.92	  657.04	  541.09	
   40.00	   60.00	   40.00	  327.00	   31.39	 2289.00	    5.45	    6.00	    7.00	    3.00	   14.00	10359.36	  932.34	 1035.94	
   40.00	   60.00	   20.00	  280.00	   13.44	 2240.00	    2.15	   14.00	    6.00	    4.00	   11.00	 4435.20	  399.17	  266.11	
  120.00	  120.00	  270.00	    9.00	   34.99	 8001.00	    5.40	   13.00	    7.00	    5.00	   14.00	11547.36	  923.79	  923.79	
   40.00	   60.00	   50.00	  235.00	   28.20	 1645.00	    4.70	    8.00	    7.00	    3.00	   10.00	 9306.00	  744.48	  744.48	
   40.00	   60.00	   30.00	  443.00	   31.90	 2658.00	    4.92	   11.00	    7.00	    5.00	   12.00	10525.68	  842.05	  842.05	
  100.00	  120.00	  120.00	    4.00	    5.76	 1044.00	    1.00	   14.00	    6.00	    2.00	   12.00	 1900.80	  171.07	  114.05	
  120.00	  120.00	  270.00	    9.00	   34.99	 4635.00	    5.40	    6.00	    7.00	    6.00	   14.00	11547.36	 1039.26	 1154.74	
  120.00	  120.00	  270.00	    9.00	   34.99	 4023.00	    5.40	    1.00	    9.00	    1.00	   12.00	11547.36	 1154.74	 1120.09	
   40.00	   60.00	   50.00	  305.00	   36.60	 1830.00	    6.10	    9.00	    7.00	    2.00	   10.00	12078.00	  966.24	  966.24	
  120.00	  120.00	  270.00	    4.00	   15.55	 1976.00	    2.40	    6.00	    7.00	    4.00	   13.00	 5132.16	  461.89	  513.22	
   40.00	   60.00	   20.00	  555.00	   26.64	 2775.00	    4.27	    4.00	    7.00	    1.00	   13.00	 8791.20	  527.47	   87.91	
   40.00	   60.00	   20.00	  645.00	   30.96	 5160.00	    4.96	   18.00	    6.00	    4.00	   13.00	10216.80	  868.43	  715.18	
   80.00	  120.00	  120.00	   16.00	   18.43	14432.00	    3.20	    5.00	    7.00	    6.00	   14.00	14432.00	  865.92	 1298.88	
   80.00	  120.00	  120.00	    5.00	    5.76	 2230.00	    1.00	    2.00	    8.00	    3.00	   12.00	 2230.00	  223.00	  267.60	
   80.00	  120.00	  270.00	   11.00	   28.51	 8613.00	    4.40	    5.00	    7.00	    3.00	   11.00	 9408.96	  564.54	  846.81	
   80.00	  120.00	  270.00	   13.00	   33.70	 4264.00	    5.20	   18.00	    6.00	    2.00	   11.00	11119.68	  945.17	  778.38	
   40.00	   60.00	   50.00	  338.00	   40.56	 1690.00	    6.76	   18.00	    6.00	    4.00	   11.00	13384.80	 1137.71	  936.94	


I:50 T:14 J:14 A:10 B:70 D:22 ins:6

