   40.00	   60.00	   40.00	   37.00	    3.55	  222.00	    0.62	   16.00	    6.00	    3.00	    9.00	 1172.16	  117.22	   82.05	
   40.00	   60.00	   50.00	  165.00	   19.80	  825.00	    3.30	   19.00	    5.00	    5.00	   10.00	 6534.00	  620.73	  490.05	
   40.00	   60.00	   40.00	  577.00	   55.39	 2885.00	    9.62	    5.00	    7.00	    7.00	   14.00	18279.36	 1096.76	 1645.14	
   40.00	   60.00	   50.00	  194.00	   23.28	 1164.00	    3.88	   10.00	    7.00	    1.00	    8.00	 7682.40	  614.59	  614.59	
   40.00	   60.00	   50.00	   56.00	    6.72	  336.00	    1.12	   17.00	    6.00	    3.00	    9.00	 2217.60	  188.50	  155.23	
   40.00	   60.00	   30.00	  183.00	   13.18	 1098.00	    2.03	   13.00	    7.00	    6.00	   13.00	 4348.08	  347.85	  347.85	
   40.00	   60.00	   20.00	   12.00	    0.58	   72.00	    0.09	   11.00	    7.00	    4.00	   11.00	  190.08	   15.21	   15.21	
   80.00	  120.00	  270.00	    2.00	    5.18	 1962.00	    0.80	   22.00	    8.00	    2.00	   10.00	 1962.00	  392.40	  431.64	
   40.00	   60.00	   30.00	  362.00	   26.06	 2896.00	    4.02	   21.00	    8.00	    5.00	   13.00	 8601.12	 1720.22	 1892.25	
   80.00	  120.00	  270.00	   13.00	   33.70	 4472.00	    5.20	   19.00	    5.00	    1.00	    6.00	11119.68	 1056.37	  833.98	
   40.00	   60.00	   50.00	   50.00	    6.00	  250.00	    1.00	   19.00	    5.00	    2.00	    7.00	 1980.00	  188.10	  148.50	
   40.00	   60.00	   40.00	  369.00	   35.42	 2214.00	    6.15	    1.00	    9.00	    3.00	   12.00	11689.92	 1168.99	 1133.92	
  120.00	  120.00	  270.00	   15.00	   58.32	 9165.00	    9.00	   15.00	    6.00	    8.00	   14.00	19245.60	 1732.10	  769.82	
   40.00	   60.00	   40.00	  634.00	   60.86	 3804.00	   10.57	   11.00	    7.00	    3.00	   10.00	20085.12	 1606.81	 1606.81	
   40.00	   60.00	   50.00	  145.00	   17.40	  725.00	    2.90	    7.00	    7.00	    3.00	   10.00	 5742.00	  459.36	  459.36	
   80.00	  120.00	  270.00	    4.00	   10.37	  616.00	    1.60	    8.00	    7.00	    6.00	   13.00	 3421.44	  273.72	  273.72	
  100.00	  120.00	  120.00	    2.00	    2.88	  518.00	    0.50	   22.00	    8.00	    3.00	   11.00	  950.40	  190.08	  209.09	
  100.00	  120.00	  120.00	   13.00	   18.72	 9282.00	    3.25	    5.00	    7.00	    7.00	   14.00	 9282.00	  556.92	  835.38	
   80.00	  120.00	  270.00	    3.00	    7.78	 1473.00	    1.20	    3.00	    8.00	    2.00	   10.00	 2566.08	  256.61	  269.44	
   40.00	   60.00	   30.00	  211.00	   15.19	  844.00	    2.34	   12.00	    7.00	    5.00	   12.00	 5013.36	  401.07	  401.07	
   80.00	  120.00	  270.00	   12.00	   31.10	 4596.00	    4.80	   19.00	    5.00	    3.00	    8.00	10264.32	  975.11	  769.82	
  120.00	  120.00	  270.00	    4.00	   15.55	 1036.00	    2.40	    1.00	    9.00	    4.00	   13.00	 5132.16	  513.22	  497.82	
   40.00	   60.00	   50.00	  615.00	   73.80	 3075.00	   12.30	    5.00	    7.00	    2.00	    9.00	24354.00	 1461.24	 2191.86	
   40.00	   60.00	   50.00	   86.00	   10.32	  344.00	    1.72	    9.00	    7.00	    6.00	   13.00	 3405.60	  272.45	  272.45	
  100.00	  120.00	  120.00	   11.00	   15.84	 1991.00	    2.75	   13.00	    7.00	    5.00	   12.00	 5227.20	  418.18	  418.18	
  100.00	  120.00	  120.00	    6.00	    8.64	 4800.00	    1.50	    8.00	    7.00	    7.00	   14.00	 4800.00	  384.00	  384.00	
  100.00	  120.00	  120.00	    2.00	    2.88	 1818.00	    0.50	    7.00	    7.00	    2.00	    9.00	 1818.00	  145.44	  145.44	
  100.00	  120.00	  120.00	    1.00	    1.44	  325.00	    0.25	   16.00	    6.00	    3.00	    9.00	  475.20	   47.52	   33.26	
   40.00	   60.00	   30.00	   72.00	    5.18	  360.00	    0.80	   10.00	    7.00	    3.00	   10.00	 1710.72	  136.86	  136.86	
  100.00	  120.00	  120.00	    4.00	    5.76	 2740.00	    1.00	   16.00	    6.00	    3.00	    9.00	 2740.00	  274.00	  191.80	
   40.00	   60.00	   20.00	   98.00	    4.70	  588.00	    0.75	    3.00	    8.00	    5.00	   13.00	 1552.32	  155.23	  162.99	
  100.00	  120.00	  120.00	    5.00	    7.20	 4845.00	    1.25	    6.00	    7.00	    2.00	    9.00	 4845.00	  436.05	  484.50	
  100.00	  120.00	  120.00	   15.00	   21.60	 3810.00	    3.75	    6.00	    7.00	    5.00	   12.00	 7128.00	  641.52	  712.80	
   40.00	   60.00	   50.00	  479.00	   57.48	 2874.00	    9.58	    7.00	    7.00	    7.00	   14.00	18968.40	 1517.47	 1517.47	
   40.00	   60.00	   20.00	  126.00	    6.05	  756.00	    0.97	    4.00	    7.00	    2.00	    9.00	 1995.84	  119.75	   19.96	
  100.00	  120.00	  120.00	   11.00	   15.84	 7293.00	    2.75	   13.00	    7.00	    3.00	   10.00	 7293.00	  583.44	  583.44	
   80.00	  120.00	  120.00	    6.00	    6.91	 5448.00	    1.20	   10.00	    7.00	    6.00	   13.00	 5448.00	  435.84	  435.84	
   40.00	   60.00	   30.00	   48.00	    3.46	  384.00	    0.53	   19.00	    5.00	    8.00	   13.00	 1140.48	  108.35	   85.54	
   80.00	  120.00	  120.00	   10.00	   11.52	 3140.00	    2.00	   21.00	    8.00	    1.00	    9.00	 3801.60	  760.32	  836.35	
  120.00	  120.00	  270.00	   15.00	   58.32	11130.00	    9.00	   21.00	    8.00	    5.00	   13.00	19245.60	 3849.12	 4234.03	
   40.00	   60.00	   40.00	  487.00	   46.75	 1948.00	    8.12	   22.00	    8.00	    5.00	   13.00	15428.16	 3085.63	 3394.20	
   40.00	   60.00	   20.00	  291.00	   13.97	 2328.00	    2.24	   17.00	    6.00	    6.00	   12.00	 4609.44	  391.80	  322.66	
   40.00	   60.00	   20.00	  146.00	    7.01	  730.00	    1.12	   22.00	    8.00	    1.00	    9.00	 2312.64	  462.53	  508.78	
   40.00	   60.00	   30.00	   45.00	    3.24	  180.00	    0.50	   20.00	    5.00	    4.00	    9.00	 1069.20	  105.85	   82.33	
   80.00	  120.00	  270.00	    9.00	   23.33	 1629.00	    3.60	   15.00	    6.00	    4.00	   10.00	 7698.24	  692.84	  307.93	
   80.00	  120.00	  270.00	   11.00	   28.51	 2178.00	    4.40	    9.00	    7.00	    1.00	    8.00	 9408.96	  752.72	  752.72	
   40.00	   60.00	   20.00	  463.00	   22.22	 2778.00	    3.56	   10.00	    7.00	    1.00	    8.00	 7333.92	  586.71	  586.71	
   80.00	  120.00	  270.00	   16.00	   41.47	 2624.00	    6.40	    8.00	    7.00	    4.00	   11.00	13685.76	 1094.86	 1094.86	
   80.00	  120.00	  270.00	   11.00	   28.51	 4928.00	    4.40	   13.00	    7.00	    2.00	    9.00	 9408.96	  752.72	  752.72	
   80.00	  120.00	  120.00	    7.00	    8.06	 3682.00	    1.40	   19.00	    5.00	    8.00	   13.00	 3682.00	  349.79	  276.15	


I:50 T:14 J:14 A:10 B:10 D:22 ins:10

